0	95.0%	5.0%	0%
1	90.0%	10.0%	0%
2	85.0%	15.0%	0%
3	85.0%	15.0%	0%
4	80.0%	20.0%	0%
5	75.0%	25.0%	0%
6	70.0%	30.0%	0%
7	65.0%	35.0%	0%
8	60.0%	40.0%	0%
9	55.0%	45.0%	0%
10	50.0%	50.0%	0%
11	45.0%	55.0%	0%
12	40.0%	59.4%	0.6%
13	35.0%	63.7%	1.3%
14	30.0%	68.6%	1.4%
15	30.0%	67.9%	2.1%
16	30.0%	67.9%	2.1%
17	30.0%	67.9%	2.1%
18	30.0%	67.2%	2.8%
19	30.0%	67.2%	2.8%
20	30.0%	63.0%	7.0%
21	30.0%	63.0%	7.0%
22	3.0%	77.6%	19.4%
23	2.0%	68.6%	29.4%
24	1.0%	59.4%	39.6%
